2 0.73984375 0.05859375 0.42734375 0.1125
1 0.06640625 0.02890625 0.04453125 0.0296875
1 0.01484375 0.18671875 0.025 0.021875
1 0.01875 0.1421875 0.03046875 0.01953125
1 0.21953125 0.209375 0.02109375 0.01875
1 0.38515625 0.0953125 0.0265625 0.01953125
1 0.25703125 0.17734375 0.02421875 0.025
1 0.3828125 0.225 0.025 0.02265625
1 0.66484375 0.1640625 0.03671875 0.02265625
1 0.434375 0.2015625 0.02734375 0.0203125
1 0.9203125 0.0859375 0.03515625 0.02890625
1 0.78203125 0.26796875 0.02890625 0.02578125