5 0.160784290625 0.332356771875 0.163413575 0.36250400312500003 0.3398548671875 0.3416762078125 0.338874653125 0.31043446406249997 0.160784290625 0.332356771875
5 0.4904411546875 0.28678385624999997 0.49179042500000003 0.32215013125 0.7593930078125 0.27919272031250003 0.757432578125 0.23493364218749999 0.4904411546875 0.28678385624999997
5 0.033043034375 0.353391825 0.00269605625 0.3583984390625 0.0006955078124999999 0.38463356718749997 0.033043034375 0.37942659375 0.033043034375 0.353391825
5 0.600735271875 0.5781250015625 0.6005958734375 0.6020239046875 0.6731329390624999 0.5994204171875 0.66921193125 0.573385646875 0.600735271875 0.5781250015625
3 0.9640625 0.57265625 0.071875 0.0953125
5 1 0.591145834375 0.9191704296875001 0.5851012640625 0.9211308578124999 0.6098344140624999 1 0.6150412890625 1 0.591145834375
4 0.4598038984375 0.5244140640625 0.46238354218750005 0.5473508781249999 0.5711889921875 0.5499543640625 0.5692285625 0.520014340625 0.4598038984375 0.5244140640625
4 0.6535283515625 0.5291265187499999 0.6564689203125 0.5525578015625 0.7878197499999999 0.5564630562499999 0.7887998890625 0.5252213140624999 0.6535283515625 0.5291265187499999
4 1 0.5292968765625 0.902506559375 0.5265230328125 0.9044669890625 0.548652596875 1 0.5512561828125 1 0.5292968765625
3 0.5859375 0.546875 0.08828125 0.03515625
2 0.765625 0.54921875 0.0953125 0.0328125
2 0.953125 0.5078125 0.09375 0.021875
3 0.11953125 0.0359375 0.2390625 0.071875
2 0.6296875 0.43359375 0.10703125 0.05546875
2 0.38671875 0.43828125 0.0796875 0.03046875