3 0.3609375 0.4796875 0.2828125 0.25859375
3 0.19140625 0.5875 0.20078125 0.159375
3 0.88984375 0.1203125 0.2203125 0.240625
2 0.70078125 0.70625 0.10625 0.10625
2 0.92421875 0.6671875 0.1515625 0.12578125
5 0.535784290625 0.47884114687499996 0.5476634703125 0.5043935171875 0.715282684375 0.40936656875 0.7005792421875 0.3833318 0.535784290625 0.47884114687499996
5 0.027161671874999998 0.513505646875 0.0051470359375 0.48860677187499996 0 0.5056952359375 0.014418734375 0.5369369796875 0.027161671874999998 0.513505646875
5 0.3888663375 0.5564630562499999 0.2637254671875 0.57486979375 0.268298090625 0.5981186484375 0.390826765625 0.575989134375 0.3888663375 0.5564630562499999
4 0.5555053359375 0.64888651875 0.464705859375 0.67252604375 0.46728468906250004 0.6996542406249999 0.5584460546875001 0.6736194703125 0.5555053359375 0.64888651875
4 0.8358509296875001 0.5694804421875 0.6681372328124999 0.61881510625 0.6711723609375 0.6410760093750001 0.84271250625 0.5968170296875 0.8358509296875001 0.5694804421875
4 0.8505543718749999 0.665809059375 0.7367646828125001 0.6660156265625 0.7388082796875 0.6879386734375 0.8525148 0.68403341875 0.8505543718749999 0.665809059375
4 1 0.635091146875 0.9789644828125 0.6410760093750001 0.982885340625 0.6606020859374999 1 0.6553952109375001 1 0.635091146875