4 0.647519840625 1 0.649999959375 0.192410715625 0.588601134375 0.19656199375 0.57788851875 1 0.647519840625 1
4 0.675 0.5578125 0.065625 0.884375
4 0.49218854375000004 1 0.5386093796875 0.301950415625 0.48705353125000006 0.2950892875 0.4636218859375 1 0.49218854375000004 1
4 0.45625 0.66171875 0.08671875 0.67578125
4 0.27972379375 0.99679980625 0.321874959375 0.319642859375 0.274367484375 0.301950415625 0.25651330625 1 0.27972379375 0.99679980625
4 0.3707800765625 1 0.40470304218750003 0.31802665 0.3261446296875 0.3162403640625 0.2761530125 1 0.3707800765625 1
4 0.11205353124999999 0 0.070829959375 0.628833265625 0.1636716328125 0.4680712015625 0.1922382921875 0 0.11205353124999999 0
4 0.017267425 1 0.21249995937500002 0.5629464296875 0.136890365625 0.47700242656249997 0 0.800312840625 0.017267425 1
4 0.25651330625 1 0.2690113125 0.291232971875 0.181249959375 0.2906250015625 0.1440320640625 1 0.25651330625 1
4 0.07618613125 0.41984263750000006 0.00267853125 0.41785714531249996 0 0.8074578484374999 0.0690444328125 0.657413228125 0.07618613125 0.41984263750000006
4 0.288392815625 0.2303571453125 0.20652168906249999 0.23764561875 0.215448778125 0.3251715890625 0.2922216640625 0.3037367015625 0.288392815625 0.2303571453125
4 0.3029342796875 0.19120323749999998 0.29508924531249997 0.2950892875 0.38149255625 0.321599153125 0.38506347343749997 0.2037069328125 0.3029342796875 0.19120323749999998
4 0.2582988328125 0.1894169859375 0.1815258125 0.18405822968750002 0.17438411250000002 0.3162403640625 0.25651330625 0.323385371875 0.2582988328125 0.1894169859375
4 0.57074695625 0.5395210078125 0.5763392453125 0.3218750015625 0.5189698109374999 0.321599153125 0.5225405921874999 0.5288035640625 0.57074695625 0.5395210078125
4 0.5741071015625 1 0.595742696875 0.5145136156250001 0.545751078125 0.5180861203125 0.5368239890625001 1 0.5741071015625 1
4 0.513613503125 0.5234448421875 0.5049106734375 0.616517859375 0.552892778125 0.6306195515625 0.5636052578124999 0.535948571875 0.513613503125 0.5234448421875
4 0.5674106734375 0.317410715625 0.6421636703125 0.1286846578125 0.5689614296875 0.1286846578125 0.5674106734375 0.317410715625
4 0.731434425 1 0.824276371875 0.4216288546875 0.772767815625 0.411160715625 0.6832281984375 1 0.731434425 1
4 0.7957095765625 0.22871439218749998 0.741517815625 0.2147321453125 0.6992969859375 0.33231659687500004 0.6903698968749999 0.6270471828125 0.7957095765625 0.22871439218749998
4 0.9635387453125001 0.2197831671875 0.9081909546875 0.2233556703125 0.8064221921874999 0.998586025 0.8689118171875 1 0.9635387453125001 0.2197831671875
4 0.79392405 1 0.9046201734375 0.2072794375 0.8419642453125 0.20133928750000002 0.72786364375 1 0.79392405 1
4 0.9456845671874999 1 1 0.2590805734375 0.9758928156250001 0.2504464296875 0.867126290625 1 0.9456845671874999 1