4 1 0.0804560921875 0.8028511390625 0.20549321874999998 0.84213055 0.2358593328125 1 0.12511222187499998 1 0.0804560921875
4 1 0.272767859375 0.7957095765625 0.3966213953125 0.84213055 0.4609262625 1 0.3519652671875 1 0.272767859375
4 1 0.5250000015625 0.765357528125 0.63240576875 0.8207053171875 0.6949243484375 1 0.587749640625 1 0.5250000015625
4 0.9982142453125 0.757142859375 0.7564304390625 0.8646176375 0.826061625 0.9789373546875 1 0.8574726296874999 0.9982142453125 0.757142859375
0 0.0640625 0.22109375 0.0921875 0.16875
0 0.17109375 0.20390625 0.1 0.21015625
0 0.2703125 0.1984375 0.07734375 0.20703125
0 0.37265625 0.19609375 0.1078125 0.20625
0 0.4875 0.19140625 0.09375 0.24296875
0 0.584375 0.190625 0.07734375 0.2234375
0 0.67421875 0.18359375 0.06796875 0.2546875
0 0.753125 0.17421875 0.065625 0.28046875
0 0.63671875 0.47734375 0.075 0.296875
0 0.721875 0.48125 0.08046875 0.31328125
0 0.5203125 0.53125 0.121875 0.2171875
0 0.3953125 0.54453125 0.10703125 0.18203125
0 0.28359375 0.5640625 0.10234375 0.140625
0 0.171875 0.5625 0.09375 0.12890625
0 0.065625 0.559375 0.0859375 0.13984375
0 0.06796875 0.84765625 0.0734375 0.2265625
0 0.16171875 0.82421875 0.07890625 0.28046875
0 0.29453125 0.8109375 0.128125 0.30390625
0 0.46953125 0.83671875 0.20234375 0.26640625
0 0.67890625 0.8265625 0.209375 0.2765625