4 1 0.36982771875 0.7457178234375 0.52165855625 0.72072208125 0.621688325 0.7742846171875 0.7199318078125 0.7778553984375 0.616329603125 1 0.4982142875 1 0.36982771875
4 0.6903698968749999 0.555597240625 0.72786364375 0.648482003125 0.7457178234375 0.535948571875 0.9959821015625 0.3866071453125 1 0.276943025 0.6939406781249999 0.44306381093749997 0.6903698968749999 0.555597240625
4 1 0.175127003125 0.6635886296875 0.37875894374999997 0.654661540625 0.48057493124999995 0.68858450625 0.5645284671875 0.702867903125 0.44842253281250005 1 0.288392859375 1 0.175127003125
4 0.670730328125 0.36625528281249997 1 0.1822720125 0.98705353125 0.09196428749999999 0.6064553125 0.30909542343749996 0.6153824015625 0.43949130625 0.64573445 0.4680712015625 0.670730328125 0.36625528281249997
4 0.765357528125 0.7110005828125 0.801065884375 0.798526621875 0.9915178156250001 0.6857142875 1 0.4912924421875 0.7814261796874999 0.6109708140625 0.765357528125 0.7110005828125
4 0.776069871875 0.7485117031249999 0.6725157187499999 0.7949540500000001 0.6618032390625 0.9003425406250001 0.6903698968749999 0.9825097906250001 1 0.8017857156250001 0.9903200125 0.6913518453124999 0.8064221921874999 0.8128165015625 0.776069871875 0.7485117031249999
4 0.674301109375 0.7913816140625001 0.776069871875 0.7485117031249999 0.7421470421875 0.6591994453125001 0.6368073609375 0.707428215625 0.6296656625 0.8503277593749999 0.6653740203125 0.8985563234375 0.674301109375 0.7913816140625001
4 0.7457178234375 0.65205450625 0.6957262046875 0.5770321968750001 0.587499959375 0.632142859375 0.5850302171874999 0.7824503890625001 0.6189531828125 0.82353408125 0.6385927515625001 0.709214296875 0.7457178234375 0.65205450625
4 0.6921552875 0.5788184140625 0.6653740203125 0.505582390625 0.5600343390625 0.5627422484375 0.5584821015625 0.6678571453125 0.57788851875 0.7485117031249999 0.5850302171874999 0.6270471828125 0.6921552875 0.5788184140625
4 0.65644693125 0.494864878125 0.6189531828125 0.4216288546875 0.5171844203125 0.47700242656249997 0.5138392453125 0.614285715625 0.5439656875 0.644909634375 0.5636052578124999 0.5520247375 0.65644693125 0.494864878125
4 0.0119111171875 0.41091141093749994 0.0136965078125 0.5145136156250001 0.22259047656250003 0.628833265625 0.23035710156250003 0.7214285734375 0.270796703125 0.6538408609374999 0.270796703125 0.5520247375 0.0119111171875 0.41091141093749994
4 0.0119111171875 0.301950415625 0.0119111171875 0.40733890781250004 0.2618696140625 0.544879796875 0.2772321015625 0.6500000015625 0.301148753125 0.596680865625 0.3100758421875 0.48057493124999995 0.0119111171875 0.301950415625
4 0.0101257265625 0.21263815937500002 0 0.2948054765625 0.3047196703125 0.464498765625 0.3174106734375 0.5651785734375 0.34042802656250004 0.52165855625 0.3564968140625 0.393048959375 0.0101257265625 0.21263815937500002
4 0.3564968140625 0.48593365312500003 0.3904196453125 0.444850028125 0.37613638437499997 0.3001641984375 0.0116071015625 0.085267859375 0.0136965078125 0.20549321874999998 0.3315009375 0.3805452296875 0.3564968140625 0.48593365312500003
4 0.0119111171875 0.5270173453125 0.0083403359375 0.6984969890625 0.196874959375 0.8062500015625 0.2261612578125 0.7663741546875 0.2261612578125 0.635978409375 0.0119111171875 0.5270173453125
4 0.2261612578125 0.753870425 0.199379990625 0.8074578484374999 0.006554809375 0.70206935625 0.004910673437500001 0.8196428593749999 0.2868654921875 0.9842961453125 0.31186136875 0.9021287593749999 0.3029342796875 0.8020990578125 0.2261612578125 0.753870425
4 0.231517565625 0.7556567109375 0.3082904515625 0.8128165015625 0.31543215 0.9039151125 0.34642853125 0.8553571453125001 0.35471128749999997 0.7342218921875 0.2690113125 0.6699169578124999 0.231517565625 0.7556567109375
4 0.2636550046875 0.6752756796875 0.36185298593750004 0.7395804781249999 0.3582822046875 0.8199615093749999 0.40291765156250003 0.7467254859375 0.39220517187500004 0.6538408609374999 0.297577971875 0.5948946484375 0.2636550046875 0.6752756796875
4 0.3065050609375 0.6020395875 0.38327808281250003 0.6431232812500001 0.4011322609375 0.7449391999999999 0.4368406171875 0.6842069046875 0.43148430937500004 0.5681009703125001 0.349355115625 0.5234448421875 0.3065050609375 0.6020395875
4 0.3422134171875 0.5127273296875 0.42434261093750003 0.5627422484375 0.4332697 0.6556269421875001 0.4691963875 0.6098214296875 0.47254897500000004 0.4912924421875 0.3904196453125 0.45020875 0.3422134171875 0.5127273296875