0 0.0703125 0.228125 0.0734375 0.18359375
0 0.16875 0.20859375 0.096875 0.2171875
0 0.271875 0.19921875 0.1 0.20859375
0 0.3703125 0.1984375 0.10390625 0.2109375
0 0.471875 0.1953125 0.096875 0.253125
0 0.58125 0.18671875 0.09375 0.2296875
0 0.6703125 0.178125 0.08984375 0.2515625
0 0.7609375 0.1671875 0.08984375 0.26484375
0 0.63359375 0.47578125 0.0515625 0.3328125
0 0.72890625 0.47578125 0.09296875 0.31796875
0 0.52421875 0.5265625 0.1234375 0.21953125
0 0.39609375 0.54375 0.09453125 0.18203125
0 0.28125 0.565625 0.0984375 0.13359375
0 0.1703125 0.553125 0.0890625 0.1265625
0 0.06640625 0.5578125 0.0828125 0.13125
0 0.06875 0.85 0.07421875 0.21640625
0 0.1703125 0.828125 0.0890625 0.290625
0 0.2953125 0.81015625 0.125 0.30859375
0 0.4671875 0.8421875 0.2046875 0.2625
0 0.69140625 0.828125 0.22109375 0.27265625
4 1 0.0785714296875 0.80198445 0.2112792515625 0.8341220265624999 0.2416453984375 1 0.127325784375 1 0.0785714296875
4 1 0.2794642875 0.7752031828125 0.40062124375 0.8341220265624999 0.463139825 1 0.3631100546875 1 0.2794642875
4 1 0.5294642875 0.768061484375 0.6417643390625 0.8269803281250001 0.6989241984375 1 0.59353570625 1 0.5294642875
4 1 0.7504464296875 0.80555523125 0.852541321875 0.8073407593749999 0.9668609015625 1 0.8650449828125 1 0.7504464296875