5 0.2890625 0.24453125 0.13515625 0.0328125
5 0.68984375 0.2546875 0.13359375 0.0265625
5 0.6546875 0.503125 0.0359375 0.009375
5 0.678125 0.496875 0.04296875 0.01484375
5 0.71640625 0.5 0.0375 0.01796875
5 0.746875 0.49609375 0.034375 0.009375
5 0.846875 0.496875 0.03671875 0.01484375
5 0.884375 0.5078125 0.04453125 0.0140625
5 0.9375 0.49609375 0.0265625 0.01875
5 0.97109375 0.5078125 0.03125 0.01953125
5 0.23508834687500002 0.37875894374999997 0.21919638749999998 0.395535715625 0.2600842234375 0.43591880312500003 0.281509184375 0.41984263750000006 0.23508834687500002 0.37875894374999997
5 0.3261446296875 0.4377050890625 0.3084821015625 0.44464285937500003 0.3386426359375 0.4716437046875 0.35471128749999997 0.455567540625 0.3261446296875 0.4377050890625
5 0.3707800765625 0.494864878125 0.38506347343749997 0.475216209375 0.353124959375 0.47589285937500003 0.3707800765625 0.494864878125
5 0.5138392453125 0.4513392875 0.533253071875 0.47342999218750004 0.545751078125 0.45020875 0.5138392453125 0.4513392875
5 0.5473213875 0.395535715625 0.53146768125 0.393048959375 0.5225405921874999 0.43234629843750005 0.549321859375 0.43234629843750005 0.5473213875 0.395535715625